21 4.761905 0.1111987
22 4.545455 0.1176856
23 4.347826 0.1223960
24 4.166667 0.1260347
25 4.000000 0.1289745
26 3.846154 0.1314037
27 3.703704 0.1334494
28 3.571429 0.1351893
29 3.448276 0.1366873
30 3.333333 0.1379795
31 3.225806 0.1391073
32 3.125000 0.1400915
33 3.030303 0.1409591
34 2.941176 0.1417266
35 2.857143 0.1424070
36 2.777778 0.1430113
37 2.702703 0.1435520
38 2.631579 0.1440313
39 2.564103 0.1444593
40 2.500000 0.1448402
41 2.439024 0.1451725
42 2.380952 0.1454620
43 2.325581 0.1457085
44 2.272727 0.1459091
45 2.222222 0.1460528
46 2.173913 0.1460418
47 2.127660 0.1459170
48 2.083333 0.1457954
49 2.040816 0.1457004
50 2.000000 0.1456217
51 1.960784 0.1455572
52 1.923077 0.1455012
53 1.886792 0.1454522
54 1.851852 0.1454093
55 1.818182 0.1453731
56 1.785714 0.1453407
57 1.754386 0.1453119
58 1.724138 0.1452876
59 1.694915 0.1452652
60 1.666667 0.1452463
61 1.639344 0.1452292
62 1.612903 0.1452144
63 1.587302 0.1452012
64 1.562500 0.1451896
65 1.538462 0.1451793
66 1.515152 0.1451704
67 1.492537 0.1451623
68 1.470588 0.1451556
69 1.449275 0.1451490
70 1.428571 0.1451392
71 1.408451 0.1451297
72 1.388889 0.1451262
73 1.369863 0.1451271
74 1.351351 0.1451280
75 1.333333 0.1451259
76 1.315789 0.1451236
77 1.298701 0.1451214
78 1.282051 0.1451200
79 1.265823 0.1451186
80 1.250000 0.1451173
81 1.234568 0.1451166
82 1.219512 0.1451160
83 1.204819 0.1451153
84 1.190476 0.1451150
85 1.176471 0.1451148
86 1.162791 0.1451146
87 1.149425 0.1451144
88 1.136364 0.1451146
89 1.123596 0.1451147
90 1.111111 0.1451149
91 1.098901 0.1451150
92 1.086957 0.1451153
93 1.075269 0.1451156
94 1.063830 0.1451159
95 1.052632 0.1451162
96 1.041667 0.1451166
97 1.030928 0.1451171
98 1.020408 0.1451175
99 1.010101 0.1451179
100 1.000000 0.1451183
