0.00 0.1451397
0.10 0.1451397
0.15 0.1451396
0.20 0.1451395
0.25 0.1451395
0.30 0.1451393
0.35 0.1451391
0.40 0.1451388
0.45 0.1451384
0.50 0.1451377
0.55 0.1451368
0.60 0.1451356 
0.65 0.1451342
0.70 0.1451324
0.75 0.1451304
0.80 0.1451281
0.85 0.1451257
0.90 0.1451232
0.95 0.1451207
1.00 0.1451183
1.05 0.1451163
1.10 0.1451150
1.15 0.1451144
1.20 0.1451151
1.25 0.1451173
1.30 0.1451215
1.35 0.1451281
1.40 0.1451257
1.45 0.1451493
1.50 0.1451646
1.55 0.1451837
1.60 0.1452071
1.65 0.1452352
1.70 0.1452686
1.75 0.1453079
1.80 0.1453538
1.85 0.1454070
1.90 0.1454684
1.95 0.1455394
2.00 0.1456217
2.05 0.1457181
2.10 0.1458340
2.15 0.1459840
2.20 0.1461049
2.25 0.1459877
2.30 0.1458148
2.35 0.1456071
2.40 0.1453727
2.45 0.1451162
2.50 0.1448402
2.55 0.1445467
2.60 0.1442368
2.65 0.1439114
2.70 0.1435712
2.75 0.1432164
2.80 0.1428472
2.85 0.1424638
2.90 0.1420661
2.95 0.1416538
3.00 0.1412269
3.05 0.1407850
3.10 0.1403279
3.15 0.1398551
3.20 0.1393663
3.25 0.1388644
3.30 0.1383390
3.35 0.1377997
3.40 0.1372427
3.45 0.1366675
3.50 0.1360736
3.55 0.1354605 
3.60 0.1348278
3.65 0.1341748
3.70 0.1335009
3.75 0.1328054
3.80 0.1320877 
3.85 0.1313467 
3.90 0.1305817
3.95 0.1297914
4.00 0.1289745
4.05 0.1281296
4.10 0.1272549
4.15 0.1263483
4.20 0.1254075
4.25 0.1244297
4.30 0.1234117
4.35 0.1223498
4.40 0.1212398
4.45 0.1200768
4.50 0.1188552
4.55 0.1175686
4.60 0.1162098
4.65 0.1147706
4.70 0.1132419
4.75 0.1116131
4.80 0.1098727
4.85 0.1080076
4.90 0.1060033
